14
00000001 1127622451 WOSHILKJ 18805083823 1654877523 1654891496 1654936851 2 牛爷爷的电脑 2 2
00000002 1127622451 WOSHILKJ 13366025662 1654891747 1654891889 1654937132 20 健身用20KG图书 2 2
00000003 1127622451 WOSHILKJ 13366025662 1654892043 1654892070 1654937132 1 普通的快递 2 2
00000004 13366025662 WOSHILKJ 17770988 1654892242 1654937075 1655026690 20 健身用20KG图书 2 2
00000005 13366025662 WOSHILKJ 17770988 1654892343 1654892383 1655026694 40 健身用40KG图书 2 2
00000006 18805083823 WOSHILKJ 13366025662 1654936949 1654937075 1654937132 2 新东东。 2 2
00000007 17770988 WOSHILKJ 1145141919 1654974537 1655047585 0 2 红茶包 1 3
00000008 17770988 WOSHILKJ 1145141919 1654974640 1655047585 0 2 红茶包 1 3
00000009 17770988 WOSHIWYJ 1145141919 1654974643 1655038921 1655047563 2 红茶包 2 1
00000010 17770988 WOSHIWYJ 1145141919 1654974743 1655039286 1655047563 2 摩尔庄园的红茶 2 1
00000011 17770988 0 1145141919 1655047182 0 0 10 神奇的红茶 3 3
00000012 17770988 0 1145141919 1655047288 0 0 8 红茶杯 3 1
00000013 17770988 0 1145141919 1655047429 1655047506 1655047563 20 臭蛋 2 1
