10
00000001 1127622451 0 18805083823 1654877523 1654891496 1654936851 2 牛爷爷的电脑 2 2
00000002 1127622451 0 13366025662 1654891747 1654891889 1654937132 20 健身用20KG图书 2 2
00000003 1127622451 0 13366025662 1654892043 1654892070 1654937132 1 普通的快递 2 2
00000004 13366025662 0 17770988 1654892242 1654937075 0 20 健身用20KG图书 1 1
00000005 13366025662 0 17770988 1654892343 1654892383 0 40 健身用40KG图书 1 1
00000006 18805083823 0 13366025662 1654936949 1654937075 1654937132 2 新东东。 2 2
00000007 18805083823 WOSHIWYJ 13366025662 1655052106 1655052176 1655052270 2 mua 2 2
00000008 18805083823 0 13366025662 1655088243 1655088314 1655088374 1 123 2 2
00000009 17770988 WOSHIWYJ 13366025662 1656059405 0 0 1 大电脑 3 3
